1111111111111111111111111111111111111111111111111111111111111111
1111111111111111111111111111111111111111111111111111111111111111
1111111111111111111111111111111111111111111111111111111111111111
1111111111111111111111111111111111111111111111111111111111111111
1111111111111111111111111111111111111111111111111111111111111111
1111111111111111111111111111111111111111111111111111111111111111
1111111111111111111111111111111111111111111111111111111111111111
1111111111111111111111111111111111111111111111111111111111111111
1111111111111111111101111111111111111111111111111111111111111111
1111111111111111111000111111111111111111111111111111111111111111
1111111111111111111000111111111111111111111111111111111111111111
1111111111111111110000011111111111111111111111110111111111111111
1111111111111110111000111111111111111111111111111011111111111111
1111111111111110111000111011111111111111111111111011111111111111
1111111111111111011101110001111111111111111111111101111111111111
1111111111111111011101110001111111111111111111011101111111111111
1111111111111111001111100001111111111111111111011111111110111111
1111111111100011000000000000111111111111111111111111111111111111
1111111110000001100000000001111111111111111111101111111111111111
1111111100000000100000000011111111111111111111101111111111111111
1111111000000000110000000011111111111111111111110111111111111111
1111110000000000011000001111111111111111111111111011110111111111
1111110000000000011100111111111111110111111111111100011111111111
1111110000000000011111111111111111111111111111111111111111111111
1111111000011100011111000001111111111011111101111111111111111111
1111111000111110011111000001111111111011111110111111111111111111
1111111101111110011110000000111111111111111110111111111111111111
1111111111111110011110000000111111111111111111111111111111011111
1111111111111110011100000110011111111111111111111111111110111111
1111111111111110011100001111011111111111111111111111111111011111
1111111111111100111100011111011111111111111111111111111111001111
1111111111111000111000111111001111111111111111111111111111101111
1111111111100000111000111111101111111111111111111111111111111111
1111111111100001111000111111101111111111111111111111111111110111
1111111111100001110001111111101111111111111111111111111111100111
1111111111100000100001111111101111111111111111111111111111110111
1111111111100000000001111111101111111111111111111111111111100111
1111111111100000000001111111101111111111101111111111111111110111
1111111111101000000011111111001111011111100001110011111111100111
1111011111111110001111111111001111011111111110111111111111100111
1111011111111110001111111111001111011111111111111111111111011111
1111011111111111001111111111001111011111111111111101111111011111
1111011111111111001101111111001111001111111111011101111111111111
1111011111111111001101111111001111001111111111011101111111101111
1111001111111111001101111110001111101111111111011101111111111111
1111001111111111001100111110001111111111111111011101111111111111
1111100111111111001100111100001111101111111111111101111111111111
1111100111111110001100000000011111101111111111111111111111111111
1111100011111110001110000000011111101111111111111111111111101111
1111100011111100001110000000011111111111111111111110111111111111
1111110000111000001110000000111111110111111111111110111111111111
1111110000000000001111000000111111110111111111111111011111111111
1111111000000000001111000001111111111011111111111111011111111111
1111111000000000011111110111111111111011111111111111100011111111
1111111100000000011111111111111111111101111111111111111111111111
1111111110000000111111111111111111111110111111111111111111111111
1111111111000001111111111111111111111111011111111111111111111111
1111111111100011111111111111111111111111100001111111111111111111
1111111111111111111111111111111111111111111111111111111111111111
1111111111111111111111111111111111111111111111111111111111111111
1111111111111111111111111111111111111111111111111111111111111111
1111111111111111111111111111111111111111111111111111111111111111
1111111111111111111111111111111111111111111111111111111111111111
1111111111111111111111111111111111111111111111111111111111111111
 1
1111111111111111111111111111111111111111111111111111111111111111
1111111111111111111111111111111111111111111111111111111111111111
1111111111111111111111111111111111111111111111111111111111111111
1111111111111111111111111111111111111111111111111111111111111111
1111111111111111111111111111111111111111111111111111111111111111
1111111111111111111111111111111111111111111111111111111111111111
1111111111111111111111111111111111111111111111111111111111111111
1111111111111111111111111111111111111111111111111111111111111111
1111111111111111111101111111111111111111111111111111111111111111
1111111111111111111000111111111111111111111111111111111111111111
1111111111111111111000111111111111111111111111111111111111111111
1111111111111111110000011111111111111111111111110111111111111111
1111111111111110111000111111111111111111111111111011111111111111
1111111111111110111000111011111111111111111111111011111111111111
1111111111111111011101110001111111111111111111111101111111111111
1111111111111111011101110001111111111111111111011101111111111111
1111111111111111001111100001111111111111111111011111111110111111
1111111111100011000000000000111111111111111111111111111111111111
1111111110000001100000000001111111111111111111101111111111111111
1111111100000000100000000011111111111111111111101111111111111111
1111111000000000110000000011111111111111111111110111111111111111
1111110000000000011000001111111111111111111111111011110111111111
1111110000000000011100111111111111110111111111111100011111111111
1111110000000000011111111111111111111111111111111111111111111111
1111111000011100011111000001111111111011111101111111111111111111
1111111000111110011111000001111111111011111110111111111111111111
1111111101111110011110000000111111111111111110111111111111111111
1111111111111110011110000000111111111111111111111111111111011111
1111111111111110011100000110011111111111111111111111111110111111
1111111111111110011100001111011111111111111111111111111111011111
1111111111111100111100011111011111111111111111111111111111001111
1111111111111000111000111111001111111111111111111111111111101111
1111111111100000111000111111101111111111111111111111111111111111
1111111111100001111000111111101111111111111111111111111111110111
1111111111100001110001111111101111111111111111111111111111100111
1111111111100000100001111111101111111111111111111111111111110111
1111111111100000000001111111101111111111111111111111111111100111
1111111111100000000001111111101111111111101111111111111111110111
1111111111101000000011111111001111011111100001110011111111100111
1111011111111110001111111111001111011111111110111111111111100111
1111011111111110001111111111001111011111111111111111111111011111
1111011111111111001111111111001111011111111111111101111111011111
1111011111111111001101111111001111001111111111011101111111111111
1111011111111111001101111111001111001111111111011101111111101111
1111001111111111001101111110001111101111111111011101111111111111
1111001111111111001100111110001111111111111111011101111111111111
1111100111111111001100111100001111101111111111111101111111111111
1111100111111110001100000000011111101111111111111111111111111111
1111100011111110001110000000011111101111111111111111111111101111
1111100011111100001110000000011111111111111111111110111111111111
1111110000111000001110000000111111110111111111111110111111111111
1111110000000000001111000000111111110111111111111111011111111111
1111111000000000001111000001111111111011111111111111011111111111
1111111000000000011111110111111111111011111111111111100011111111
1111111100000000011111111111111111111101111111111111111111111111
1111111110000000111111111111111111111110111111111111111111111111
1111111111000001111111111111111111111111011111111111111111111111
1111111111100011111111111111111111111111100001111111111111111111
1111111111111111111111111111111111111111111111111111111111111111
1111111111111111111111111111111111111111111111111111111111111111
1111111111111111111111111111111111111111111111111111111111111111
1111111111111111111111111111111111111111111111111111111111111111
1111111111111111111111111111111111111111111111111111111111111111
1111111111111111111111111111111111111111111111111111111111111111
 1
1111111111111111111111111111111111111111111111111111111111111111
1111111111111111111111111111111111111111111111111111111111111111
1111111111111111111111111111111111111111111111111111111111111111
1111111111111111111111111111111111111111111111111111111111111111
1111111111111111111111111111111111111111111111111111111111111111
1111111111111111111111111111111111111111111111111111111111111111
1111111111111111111111111111111111111111111111111111111111111111
1111111111111111111111111111111111111111111111111111111111111111
1111111111111111111101111111111111111111111111111111111111111111
1111111111111111111000111111111111111111111111111111111111111111
1111111111111111111000111111111111111111111111111111111111111111
1111111111111111110000011111111111111111111111110111111111111111
1111111111111110111000111111111111111111111111111011111111111111
1111111111111110111000111011111111111111111111111011111111111111
1111111111111111011101110001111111111111111111111101111111111111
1111111111111111011101110001111111111111111111011101111111111111
1111111111111111001111100001111111111111111111011111111110111111
1111111111100011000000000000111111111111111111111111111111111111
1111111110000001100000000001111111111111111111101111111111111111
1111111100000000100000000011111111111111111111101111111111111111
1111111000000000110000000011111111111111111111110111111111111111
1111110000000000011000001111111111111111111111111011110111111111
1111110000000000011100111111111111110111111111111100011111111111
1111110000000000011111111111111111111111111111111111111111111111
1111111000011100011111000001111111111011111101111111111111111111
1111111000111110011111000001111111111011111110111111111111111111
1111111101111110011110000000111111111111111110111111111111111111
1111111111111110011110000000111111111111111111111111111111011111
1111111111111110011100000110011111111111111111111111111110111111
1111111111111110011100001111011111111111111111111111111111011111
1111111111111100111100011111011111111111111111111111111111001111
1111111111111000111000111111001111111111111111111111111111101111
1111111111100000111000111111101111111111111111111111111111111111
1111111111100001111000111111101111111111111111111111111111110111
1111111111100001110001111111101111111111111111111111111111100111
1111111111100000100001111111101111111111111111111111111111110111
1111111111100000000001111111101111111111111111111111111111100111
1111111111100000000001111111101111111111101111111111111111110111
1111111111101000000011111111001111011111100001110011111111100111
1111011111111110001111111111001111011111111110111111111111100111
1111011111111110001111111111001111011111111111111111111111011111
1111011111111111001111111111001111011111111111111101111111011111
1111011111111111001101111111001111001111111111011101111111111111
1111011111111111001101111111001111001111111111011101111111101111
1111001111111111001101111110001111101111111111011101111111111111
1111001111111111001100111110001111111111111111011101111111111111
1111100111111111001100111100001111101111111111111101111111111111
1111100111111110001100000000011111101111111111111111111111111111
1111100011111110001110000000011111101111111111111111111111101111
1111100011111100001110000000011111111111111111111110111111111111
1111110000111000001110000000111111110111111111111110111111111111
1111110000000000001111000000111111110111111111111111011111111111
1111111000000000001111000001111111111011111111111111011111111111
1111111000000000011111110111111111111011111111111111100011111111
1111111100000000011111111111111111111101111111111111111111111111
1111111110000000111111111111111111111110111111111111111111111111
1111111111000001111111111111111111111111011111111111111111111111
1111111111100011111111111111111111111111100001111111111111111111
1111111111111111111111111111111111111111111111111111111111111111
1111111111111111111111111111111111111111111111111111111111111111
1111111111111111111111111111111111111111111111111111111111111111
1111111111111111111111111111111111111111111111111111111111111111
1111111111111111111111111111111111111111111111111111111111111111
1111111111111111111111111111111111111111111111111111111111111111
 1
1111111111111111111111111111111101111111111111111111111111111111
1111111111111111111111111000000000000000111111111111111111111111
1111111111111111111110000000000000000000000111111111111111111111
1111111111111111111000000000000000000000000000111111111111111111
1111111111111111100000000000000010000000000000001111111111111111
1111111111111110000000000111111111111111000000000111111111111111
1111111111111100000000111111111111111111111000000001111111111111
1111111111110000000011111111111111111111111110000000111111111111
1111111111100000001111111111111111111111111111100000011111111111
1111111111000000111111111111111111111111111111110000000111111111
1111111110000001111111111111111111011111111111111100000111111111
1111111100000011111111111111111110011111111111111110000011111111
1111111000000111111111111111111100001111111111111111000001111111
1111111000001111111111111111110000000111111111111111100000111111
1111110000011111111111111111111000000111111111111111110000011111
1111100000111111111111111111111100001111101111111111110000011111
1111100001111111111111111110111110011111000111111111111000001111
1111000001111111111111111111001111111110000111111111111100001111
1111000011111111111111011111000011111000000011111111111100000111
1110000011111111110000000011100000000000000001111111111110000111
1110000111111111000000000001110000000000000001111111111111000011
1100000111111110000000000000111000000000000011111111111111000011
1100001111111000000000000000011100000000000111111111111111000001
1100001111110000000000000000011111100001111110111111111111100001
1000001111110000000000000000001111111111110000000011111111100001
1000011111110000000000011000001111111111000000000000111111100001
1000011111111000000011111110000111111111000000000000011111100000
1000011111111100001111111111000111111110000000000000001111110000
1000011111111100011111111111000111111110000000000000001111110000
1000011111111110111111111111000111111100000000011111000111110000
1000011111111111111111111110001111111100000000111111100011110000
0000111111111111111111110000001111111100000001111111110011110000
0000111111111111111110000000011111111000000011111111110011110000
0000111111111111111110000000111111111000000011111111110001110000
1000011111111111111110000000111111110000000111111111110001110000
1000011111111111111111000000001111100000000111111111110001110000
1000011111111111111111000000000010000000001111111111110001110000
1000011111111111111111011110000000000000001111111111110001110000
1000011101111111111111111111100000000000011111111111110001100000
1000011111111111111111111111100001000000111111111111100001100001
1100001110111111111111111111110001111111111111111111100001100001
1100001111011111111111111111110000111111111111111111000011100001
1100001111001111111111111111110000111011111111111110000011000011
1100000111100111111111111111110000111001111111111100000111000011
1110000111100011111111111111110000111000111111111000000110000011
1110000011110001111111111111100000111100000111000000001110000111
1111000011111000011111111111000001111100000000000000001100000111
1111000001111000000001111100000001111110000000000000011100001111
1111100000111100000000000000000001111111000000000001111000001111
1111110000111110000000000000000011111111100000000011110000011111
1111110000011111000000000000000011111111111100011111100000111111
1111111000001111110000000000000111111111111111111111000000111111
1111111100000111111100000000011111111111111111111110000001111111
1111111100000011111111000001111111111111111111111100000011111111
1111111110000000111111111111111111111111111111111000000111111111
1111111111000000011111111111111111111111111111110000001111111111
1111111111110000000111111111111111111111111111000000011111111111
1111111111111000000011111111111111111111111100000000111111111111
1111111111111100000000011111111111111111110000000011111111111111
1111111111111111000000000011111111111100000000000111111111111111
1111111111111111100000000000000000000000000000011111111111111111
1111111111111111111100000000000000000000000001111111111111111111
1111111111111111111111000000000000000000000111111111111111111111
1111111111111111111111111100000000000001111111111111111111111111
 1
1111111111111111111111111111111111111111111111111111111111111111
1111111111111111111111111111111111111111111111111111111111111111
1111111111111111111111111111100000111111111111111111111111111111
1111111111111111111111111000000111111111111111111111111111111111
1111111111111111111111100111111111111111111111111111111111111111
1111111111111111111110111100000000001111111111111111111111111111
1111111111111111111011100000000000000111111111101111111111111111
1111111111111111101111100000000000000000111111111111111111111111
1111111111111111111111000000000000000000000111110001011111111111
1111111111111111111110000000000000000000000011111000101111111111
1111111110111110000000000000000000000000000001101100000111111111
1111111101100000000000000000001111111100000000110100000011111111
1111111010000000000000000000000000000001100000010010000011111111
1111111100000000000000000000011111110000000000001001100000111111
1111110000000000000000000111111111111111000000000100110000011111
1111100000000000000000011111111111111111100000000000110000001111
1111000000000000000000111111111111111111110000000000011000001111
1110000000000000000011111111111111111111111100000000001100000111
1110000000000000000111111111111110111111111110000000001100000111
1110000000000000001111111111111111000111111110100000000111100111
1100000000000000011111111111111111000011111111110000000111100011
1100000000000000111111111111111111000011111111111000000010100011
1000000000000000111111111111111111100011111111111000000011110011
1000000000000001111111111111111111110011100011111100100011110001
0000000000000001111111111111111111111111000011111100000001010001
0000000000000011111111111111111011111110000111111100000001010001
0000000000000011111111111110001000111100000111111110000001010001
0000000000000111111111111000000100000000001111111110000001010001
0000000000000111111111100000000011000000011111111110000000010001
0000000000000111111100000001100011111111111101111111000000010001
0000000000000111111100000011100011111111100000001111000000010001
0000000000001111111110000111100011111110000000000111011000010001
0000000000001111111111001111000011111110000000000111001000010001
0000000000001111111111011110000111111100000111000011111000010001
0000000000001111111111111100000000011100001111000011111000010001
0000000000001111101111111000000000011000011111000011111000010001
0000000000001111110111111000000100001000011111000111111000010001
0000000000001111111011111000001110000000111111000111110000010001
0000000000000111111101111100011110001000111111001111110000010001
0000000000000111111100111111111110001000111110001111110000000001
0000000000000111111100011111111100001000111110011111110000000011
0000000000000111111110011111111100001100011100111111100000000011
0000000000000011111110011111111000001110011011111111100000000011
1000000000000011111110001111111000011111111111111111000000000011
1000000000000011111110001111100000011111111111111111000000000111
1000000000000011111110000111000000011111111111111110000000000111
1100000000000001111111000000000000111111111111111110100000000111
1100000000000000111111000000000001111111111111111101000000001111
1110000000000000011111100000000011111111111111111011000000001111
1110000000000000001111110000000111111111111111110000000000011111
1111000000000000000011111111111111111111111111011000000000111111
1111100000000000000001111111111111111111111111100000000000111111
1111100000000000000000011111111111111111111110000000000001111111
1111110000000000000000011111111111111111110100000000000011111111
1111111000000000000000001111111111111111100000000000000111111111
1111111100000000000000000111111111111111000000000000011111111111
1111111110000000000000000111111111111110000000000000111111111111
1111111111100000000000000111111111110000000000000001111111111111
1111111111110000000000000111111111110000000000000111111111111111
1111111111111000000000001111111111000000000000011111111111111111
1111111111111100000000011111111100000000000001111111111111111111
1111111111111110000001111111000000000000011111111111111111111111
1111111111111111111111111110000000001111111111111111111111111111
1111111111111111111111111111111111111111111111111111111111111111
 1
1111111111111111111111111111111111111111111111111111111111111111
1111111111111111111111111111111111111111111111111111111111111111
1111111111111111111111111111111111111111111111111111111111111111
1111111111111111111111111111111111111111111111111111111111111111
1111111111111111111111111111111111111111111111111111111111111111
1111111111111111111111111111111111111111111111111111111111111111
1111111111111111111111111111111111111111111111111111111111111111
1111111111111111111111111111111111111111111111111111111111111111
1111111111111111111111111111111111111111111111111111111111111111
1111111111111111111111111111111111111111111111111111111111111111
1111111111111111111111111111111111111111111111111111111111111111
1111111111111111111111111111111111000111111111111111111111111111
1111111111111111111111111111101110000011111111111111111111111111
1111111111111111111111111111101100000011111111111111111111111111
1111111111111111111111111111100110000011101111111111111111111111
1111111111111111111111111111110011000111000111111111111111111111
1111111111111111111111111111110000101100000011111111111111111111
1111111111111111111111110000011000000000000011111111111111111111
1111111111111111111110000000001100000000000111111111111111111111
1111111111111111111100000000000110000000001111111111111111111111
1111111111111111111000000000000011100001111111111111111111111111
1111111111111111111100000000000011111100001111111111111111111111
1111111111111111111110001111100011110000000011111111111111111111
1111111111111111111110111111100011100000000001111111111111111111
1111111111111111111111111111100011100000011000111111111111111111
1111111111111111111111111111000111000000111100111111111111111111
1111111111111111111111100000000111000001111100111111111111111111
1111111111111111111111110000001110000001111110011111111111111111
1111111111111111011111110000011110000011111110011111111111111111
1111111111111111011111110000000000000111111110011111111111111111
1111111111111111011111111000000000001111111110011111111111111111
1111111111111111011111111111000011111111111110011111111111111111
1111111111111111001111111111110001111111111100011111111111111111
1111111111111111001111111111110001101111111100011111111111111111
1111111111111111001111111111110001101111110000011111111111111111
1111111111111111100111111111110000100111100000111111111111111111
1111111111111111100011111111110000100000000000111111111111111111
1111111111111111100001111111100000100000000001111111111111111111
1111111111111111110000011111000001110000000001111111111111111111
1111111111111111111000000000000001111000000011111111111111111111
1111111111111111111100000000000001111100001111111111111111111111
1111111111111111111110000000000011111111111111111111111111111111
1111111111111111111111000000001111111111111111111111111111111111
1111111111111111111111111001111111111111111111111111111111111111
1111111111111111111111111111111111111111111111111111111111111111
1111111111111111111111111111111111111111111111111111111111111111
1111111111111111111111111111111111111111111111111111111111111111
1111111111111111111111111111111111111111111111111111111111111111
1111111111111111111111111110000111111111111111111111111111111111
1111111111111111111111111110110111111111111111111111111111111111
1111111111111111111111111101101101010111111111111111111111111111
1111111111111111111111111101011101010111111111111111111111111111
1111111111111111111111111110111111110111111111111111111111111111
1111111111111111111111111111111111111111111111111111111111111111
1111111111111111111111111111111111111111111111111111111111111111
1111111111111111111111111111111111111111111111111111111111111111
1111111111111111111111111111111111111111111111111111111111111111
1111111111111111111111111111111111111111111111111111111111111111
1111111111111111111111111111111111111111111111111111111111111111
1111111111111111111111111111111111111111111111111111111111111111
1111111111111111111111111111111111111111111111111111111111111111
1111111111111111111111111111111111111111111111111111111111111111
1111111111111111111111111111111111111111111111111111111111111111
1111111111111111111111111111111111111111111111111111111111111111
 1
1111111111111111111111111111111111111111111111111111111111111111
1111111111111111111111111111111111111111111111111111111111111111
1111111111111111111111111111111111111111111111111111111111111111
1111111111111111111111111111111111111111111111111111111111111111
1111111111111111111111111111111111111111111111111111111111111111
1111111111111111111111111111111111111111111111111111111111111111
1111111111111111111111111111111111011111101111111111111111111111
1111111111111111111111111111111111001111001111111111111111111111
1111111111111111111111111111111111001111001111111111111111111111
1111111111111111111111111111111111001111101111111111111111111111
1111111111111111111111111111111111001111111111111111111111111111
1111111111111111111111111111111111000111111101111111111111111111
1111111111111111111111111111111111000111111101111111111111111111
1111111111111111111111111111111111100111111011111111111111111111
1111111111111111111111111111111111110011110011111111111111111111
1111111111111111111111111111111111110000000111111111111111111111
1111111111111111111111111111111111111100001111111111111111111111
1111111111111111111111111111111000111111111111111111111111111111
1111111111111111111111111111110000011111111111111111111111111111
1111111111111111111111111111100000011111111111111111111111111111
1111111111111111111111111111100000001111111111111111111111111111
1111111111111111111111111111100011001111111111111111111111111111
1111111111111111111111111111000111001111111111111111111111111111
1111111111111111111111111111000111101111111000000111111111111111
1111111111111111111111111111001111101111110000000011111111111111
1111111111111111111111111111001111101111100000000001111111111111
1111111111111111111111111111001111101111000000000001111111111111
1111111111111111111111111111000111001110000111100000111111111111
1111111111111111111111111111000111001110001111110000111111111111
1111111111111111111111111111000111011100111111111000111111111111
1111111111111111111111111111000110000100111111111000111111111111
1111111111111111111111111111000110000001111111111100011111111111
1111111111111111011111111111000110000011111111111100011111111111
1111111111111100000111111111000110000011111111111110011111111111
1111111111111000000001111111101101110001111111111110011111111111
1111111111111000000000111111111101111001111111111110011111111111
1111111111110000000000111111111111111001111111111110011111111111
1111111111110000000000011111111111111001111111111110011111111111
1111111111100011111000011111111111111001111111111110001111111111
1111111111100111111100001111111111111001111111111110011111111111
1111111111100111111110001111111111111001111111111110011111111111
1111111111101111111111000111111111111001111101111110011111111111
1111111111001111111111100111111111111001111100111110011111111111
1111111111001111111111100011111111111001111100111110011111111111
1111111111011111111111110011111111111001111100111110011111111111
1111111111011111111111111011111111111001111101111110011111111111
1111111111011111111111111001111111111001111100111110011111111111
1111111111011111111111111101111111111001111110111100111111111111
1111111111000111111111111100111111110011111110111100111111111111
1111111111101111111111111110011111110011111110011001111111111111
1111111111111111111111111110001111100011111111000011111111111111
1111111111111111111111111111000111000111111111100111111111111111
1111111111111111111111111111100000001111111111111111111111111111
1111111111111111111111111111110000011111111111111111111111111111
1111111111111111111111111111111111111111111111111111111111111111
1111111111111111111111111111111111111111111111111111111111111111
1111111111111111111111111111111111111111111111111111111111111111
1111111111111111111111111111111111111111111111111111111111111111
1111111111111111111111111111111111111111111111111111111111111111
1111111111111111111111111111111111111111111111111111111111111111
1111111111111111111111111111111111111111111111111111111111111111
1111111111111111111111111111111111111111111111111111111111111111
1111111111111111111111111111111111111111111111111111111111111111
1111111111111111111111111111111111111111111111111111111111111111
 1
1111111111111111111111111111111111111111111111111111111111111111
1111111111111111111111111111111111111111111111111111111111111111
1111111111111111111111111111111111111111111111111111111111111111
1111111111111111111111111111111111111111111111111111111111111111
1111111111111111111111111111111111111111111111111111111111111111
1111111111111111111111111111111111111111111111111111111111111111
1111111111111111111111111111111111111111111111111111111111111111
1111111111111111111111111111111111111111111111111111111111111111
1111111111111111111111111111111111111111111111111111111111111111
1111111111111111111111111111111111111111111111111111111111111111
1111111111111111111111111111111111111111111111111111111111111111
1111111111111111111111111111111111111111111111111111111111111111
1111111111111111111111111111111111111111111111111111111111111111
1111111111111111111111011111111111111111111111111111111111111111
1111111111111111111111111111111111111111111111111111111111111111
1111111111111111111111111100111111111111111111111111111111111111
1111111111111111111111111111011111111111111111111111111111111111
1111111111111111111111111111111111111111111111111111111111111111
1111111111111111101111111111101111111111111111111111111111111111
1111111111111111111111111111001111111111111111111111111111111111
1111111111111111110111011111001111111111111111111111111111111111
1111111111111111111111011111111111111111111111111111111111111111
1111111111111111111100111111110111111111111111111111111111111111
1111111111111101111111111111101111111111111111111111111111111111
1111111111111111111111111111100111111111111111111111111111111111
1111111111111110111111111111111111111111111111111111111111111111
1111111111111111111111111111111111111111111111111111111111111111
1111111111111111111111111111110011111111111111111111111111111111
1111111111111111111111111111111111111111111111111111111111111111
1111111111111111111111111111111101111111111111111111111111111111
1111111111111111111111111111111111101111111111111111111111111111
1111111111111111111111111111111110111111111111111111111111111111
1111111111111111111111111111111111111111111111111111111111111111
1111111111111111111111111111111111111111111111111111111111111111
1111111111111111111111111111111111111111111111111111111111111111
1111111111111111111111111111111101111111111111111111111111111111
1111111111111111111111111111111111111111111111111111111111111111
1111111111111111011111111111111111111111111111111111111111111111
1111111111111111111111111111111111111111111111111111111111111111
1111111111111111111111111111111111111111111111111111111111111111
1111111111111111111111111111111011111111111111111111111111111111
1111111111111111111111111111111011111111111111111111111111111111
1111111111111111111111111111111101111111111111111111111111111111
1111111111111111111111111111111111111111111111111111111111111111
1111111111111111111111111111111111110111111111111111111111111111
1111111111111111111111111111111111110111111111111111111111111111
1111111111111111111111111111110111111111111111111111111111111111
1111111111111111111111111111111111111111111111111111111111111111
1111111111111111111111111111111111111111111111111111111111111111
1111111111111111111111111111111111111111111111111111111111111111
1111111111111111111111111111111111111111111111111111111111111111
1111111111111111111111111111111111111111111111111111111111111111
1111111111111111111111111111111111111111111111111111111111111111
1111111111111111111111111111111111111111111111111111111111111111
1111111111111111111111111111111111111111111111111111111111111111
1111111111111111111111111111111111111111111111111111111111111111
1111111111111111110111111111111111111111111111111111111111111111
1111111111111111111111111111111111111111111111111111111111111111
1111111111111111111111111111111111111111111111111111111111111111
1111111111111111111111111111111111111111111111111111111111111111
1111111111111111111111111111111111111111111111111111111111111111
1111111111111111111111111111111111111111111111111111111111111111
1111111111111111111111111111111111111111111111111111111111111111
1111111111111111111111111111111111111111111111111111111111111111
 1
1111111111111111111111111111111111111111111111111111111111111111
1111111111111111111111111111111111111111111111111111111111111111
1111111111111111111111111111111111111111111111111111111111111111
1111111111111111111111111111111111111111111111111111111111111111
1111111111111111111111111111111111111111111111111111111111111111
1111111111111111111111111111111111111111111111111111111111111111
1111111111111111111111111111111111111111111111111111111111111111
1111111111111111111111111111111111111111111111111111111111111111
1111111111111111111111111111111111111111111111111111111111111111
1111111111111111111111111111111111111111111111111111111111111111
1111111111111111111111111111111100001111111111111111111111111111
1111111111111111111111111111110000000011111111111111111111111111
1111111111111111111111111111101111000011111111111111111111111111
1111111111111111111111111111001111100001111111111111111111111111
1111111111111111111111111110001111110001111111111111111111111111
1111111111111111111111111110000111110001111111111111111111111111
1111111111111111111111111110000111111011111111111111111111111111
1111111111111111111111111110001111111011111111111111111111111111
1111111111111111111111111111011111110111111111111111111111111111
1111111111111111111111111111111111111111111111111111111111111111
1111111111111111111111111111111110111111111111111111111111111111
1111111111111111111111111111111011111111111111111111111111111111
1111111111111111111111111111100111111111111111111000111111111111
1111111111111111111111111100111111111111111001110000111111111111
1111111111111111111111110011111111111110110000111000111111111111
1111111111111111111111101111111111111100110000111001111111111111
1111111111111111111110111111111111111100110001111001111111111111
1111111111111111111111111111111111111000011011111011111111111111
1111111111111111110111111111111111011100011111110111111111111111
1111111111111111101111111111111100000100001111111111111111111111
1111111111111111011111111111110000000110000000011111111111111111
1111111111111111011111111111101111100110000001111111111111111111
1111111111111110111111111111001111101111111111111111111111111111
1111111111111100111111111111011111111111111111111111111111111111
1111111111111101111111111110011111111111110000111111111111111111
1111111111111101111111111110011101111111100000001111111111111111
1111111111111001111111111110111001111110011000000111111111111111
1111111111111001111111111110110001111101111110000111111111111111
1111111111111001111111111111110000111011111111000011111111111111
1111111111111001111111111111110000111011111111100011111111111111
1111111111111000111111111111111000010111111111100011111111111111
1111111111111010111111111111111100000111111111100011111111111111
1111111111111010111111111111111100000111110111100011111111111111
1111111111111111011111111111111110000111101111100111111111111111
1111111111111111111111111111111111000011000111101111111111111111
1111111111111111111111111111111111100010000011011111111111111111
1111111111111111111111111111111111100011000000111111111111111111
1111111111111111111011111111111111100011100001111111111111111111
1111111111111111111000111111111111100011111111111111111111111111
1111111111111111111000011111111111110011111111111111111111111111
1111111111111111111100001111111111100111111111111111111111111111
1111111111111111111100000011111111101111111111111111111111111111
1111111111111111111110000000001110011111111111111111111111111111
1111111111111111111111100000000001111111111111111111111111111111
1111111111111111111111111100000111111111111111111111111111111111
1111111111111111111111111111111111111111111111111111111111111111
1111111111111111111111111111111111111111111111111111111111111111
1111111111111111111111111111111111111111111111111111111111111111
1111111111111111111111111111111111111111111111111111111111111111
1111111111111111111111111111111111111111111111111111111111111111
1111111111111111111111111111111111111111111111111111111111111111
1111111111111111111111111111111111111111111111111111111111111111
1111111111111111111111111111111111111111111111111111111111111111
1111111111111111111111111111111111111111111111111111111111111111
 1
1111111111111111111111111111111111111111111111111111111111111111
1111111111111111111111111111111100111111111111111111111111111111
1111111111111111111111111111111000011111111111111111111111111111
1111111111111111111111111111110000001111111111111111111111111111
1111111111111111111111111111100000001111111111111111111111111111
1111111111111111111111111111110000011111101111111111111111111111
1111111111111111111111111111111000111111000111111111111111111111
1111111111111111111111111111111100111110000011111111111111111111
1111111111111111111111111011111111111100000001111111111111111111
1111111111111111111111111000011111110000000000111111111111111111
1111111111111111111111111100000000000000000000011111111111111111
1111111111110000000000011110000000000000000000111111111111111111
1111111111000000000000000111000000000000000011111111111111111111
1111111110000000000000000001110000000000000111110000001111111111
1111111100000000000000000000111000000000011110000000000011111111
1111111000000000000000000000111111000011111100000000000001111111
1111110000000000000000000000011111111111110000000000000000111111
1111100000000000000000000000011111111111100000000000000000111111
1111000000000000111110000000011111111111100000000000000000011111
1110000000000011111111100000011111111111000000000000000000011111
1110000000000111111111100000011111111110000000000000000000001111
1111000000011111111111110000011111111110000000000000000000001111
1111100000111111111111110000011111111110000000000000000000001111
1111100001111111111111110000011111111100000000000000000000000111
1111110001111111111111110000011111111100000000001111110000000111
1111110011111111111111100000111111111000000000011111111000000111
1111111111111111111111100000111111111000000000111111111100000011
1111111111111111111111000001111111110000000001111111111110000011
1111111111111111111100000001111111110000000011111111111111000011
1111111111111111110000000001111111100000000111111111111111000001
1111111111111111000000000000111111000000001111111111111111100001
1111111111111111000000000000011110000000011111111111111111100001
1111111111111111000000000000000000000000111111111111111111110001
1111111111111111100000000000000000000001111111111111111111110000
1111111111111111100000000000000000000011111111111111111111110000
1111111111111111100000000000000000011111111111111111111111110000
1111111111111111110000111100000000011111111111111111111111110000
1111111111111111110111111111000000011111111111111111111111110000
1111111111111111111111111111100000001111111111111111111111110000
1111111111111111111111111111110000001111111111111111111111110000
1111111111111111111111111111110000000111101111111111111111110000
1111111111111111111111111111111000000111100111111111111111100000
1111111111111111111111111111111000000111100001111111111111000000
1111111111111111111111111111111000000011110000111111111110000000
1111111111111111111111111111111000000011110000000011110000000000
1111111111111111111111111111110000000011110000000000000000000000
1111111111111111111111111111110000000011111000000000000000000001
1111111111111111111111111111110000000011111100000000000000000001
1011111111111111111111111111100000000011111110000000000000000011
1001111111111111111111111111100000000011111111000000000000000011
1000111111111111111111111111000000000011111111100000000000000111
1100011111111111111111111110000000000011111111111000000000011111
1100000111111111111111111100000000000011111111111111000111111111
1110000001111111111111111000000000000111111111111111111111111111
1110000000011111111111100000000000000111111111111111111111111111
1111000000000011111100000000000000000111111111111111111111111111
1111100000000000000000000000000000001111111111111111111111111111
1111110000000000000000000000000000011111111111111111111111111111
1111111000000000000000000000000000011111111111111111111111111111
1111111100000000000000000000000000111111111111111111111111111111
1111111110000000000000000000000001111111111111111111111111111111
1111111111100000000000000000000111111111111111111111111111111111
1111111111111000000000000000001111111111111111111111111111111111
1111111111111111000000000001111111111111111111111111111111111111
 1
1111111111111111111111111111111111111111111111111111111111111111
1111111111111111111111111111111111111111111111111111111111111111
1111111111111111111111111111111111111111111111111111111111111111
1111111111111111111111111111111111111111111111111111111111111111
1111111111111111111111111111111111111111111111111111111111111111
1111111111111111111111111111111111111111111111111111111111111111
1111111111111111111111111111111111111111111111111111111111111111
1111111111111111111111111111111111111111111111111111111111111111
1111111111111111111101111111111111111111111111111111111111111111
1111111111111111111000111111111111111111111111111111111111111111
1111111111111111111000111111111111111111111111111111111111111111
1111111111111111110000011111111111111111111111110111111111111111
1111111111111110111000111111111111111111111111111011111111111111
1111111111111110111000111011111111111111111111111011111111111111
1111111111111111011101110001111111111111111111111101111111111111
1111111111111111011101110001111111111111111111011101111111111111
1111111111111111001111100001111111111111111111011111111110111111
1111111111100011000000000000111111111111111111111111111111111111
1111111110000001100000000001111111111111111111101111111111111111
1111111100000000100000000011111111111111111111101111111111111111
1111111000000000110000000011111111111111111111110111111111111111
1111110000000000011000001111111111111111111111111011110111111111
1111110000000000011100111111111111110111111111111100011111111111
1111110000000000011111111111111111111111111111111111111111111111
1111111000011100011111000001111111111011111101111111111111111111
1111111000111110011111000001111111111011111110111111111111111111
1111111101111110011110000000111111111111111110111111111111111111
1111111111111110011110000000111111111111111111111111111111011111
1111111111111110011100000110011111111111111111111111111110111111
1111111111111110011100001111011111111111111111111111111111011111
1111111111111100111100011111011111111111111111111111111111001111
1111111111111000111000111111001111111111111111111111111111101111
1111111111100000111000111111101111111111111111111111111111111111
1111111111100001111000111111101111111111111111111111111111110111
1111111111100001110001111111101111111111111111111111111111100111
1111111111100000100001111111101111111111111111111111111111110111
1111111111100000000001111111101111111111111111111111111111100111
1111111111100000000001111111101111111111101111111111111111110111
1111111111101000000011111111001111011111100001110011111111100111
1111011111111110001111111111001111011111111110111111111111100111
1111011111111110001111111111001111011111111111111111111111011111
1111011111111111001111111111001111011111111111111101111111011111
1111011111111111001101111111001111001111111111011101111111111111
1111011111111111001101111111001111001111111111011101111111101111
1111001111111111001101111110001111101111111111011101111111111111
1111001111111111001100111110001111111111111111011101111111111111
1111100111111111001100111100001111101111111111111101111111111111
1111100111111110001100000000011111101111111111111111111111111111
1111100011111110001110000000011111101111111111111111111111101111
1111100011111100001110000000011111111111111111111110111111111111
1111110000111000001110000000111111110111111111111110111111111111
1111110000000000001111000000111111110111111111111111011111111111
1111111000000000001111000001111111111011111111111111011111111111
1111111000000000011111110111111111111011111111111111100011111111
1111111100000000011111111111111111111101111111111111111111111111
1111111110000000111111111111111111111110111111111111111111111111
1111111111000001111111111111111111111111011111111111111111111111
1111111111100011111111111111111111111111100001111111111111111111
1111111111111111111111111111111111111111111111111111111111111111
1111111111111111111111111111111111111111111111111111111111111111
1111111111111111111111111111111111111111111111111111111111111111
1111111111111111111111111111111111111111111111111111111111111111
1111111111111111111111111111111111111111111111111111111111111111
1111111111111111111111111111111111111111111111111111111111111111
 1
1111111111111111111111111111111101111111111111111111111111111111
1111111111111111111111111000000000000000111111111111111111111111
1111111111111111111110000000000000000000000111111111111111111111
1111111111111111111000000000000000000000000000111111111111111111
1111111111111111100000000000000010000000000000001111111111111111
1111111111111110000000000111111111111111000000000111111111111111
1111111111111100000000111111111111111111111000000001111111111111
1111111111110000000011111111111111111111111110000000111111111111
1111111111100000001111111111111111111111111111100000011111111111
1111111111000000111111111111111111111111111111110000000111111111
1111111110000001111111111111111111011111111111111100000111111111
1111111100000011111111111111111110011111111111111110000011111111
1111111000000111111111111111111100001111111111111111000001111111
1111111000001111111111111111110000000111111111111111100000111111
1111110000011111111111111111111000000111111111111111110000011111
1111100000111111111111111111111100001111101111111111110000011111
1111100001111111111111111110111110011111000111111111111000001111
1111000001111111111111111111001111111110000111111111111100001111
1111000011111111111111011111000011111000000011111111111100000111
1110000011111111110000000011100000000000000001111111111110000111
1110000111111111000000000001110000000000000001111111111111000011
1100000111111110000000000000111000000000000011111111111111000011
1100001111111000000000000000011100000000000111111111111111000001
1100001111110000000000000000011111100001111110111111111111100001
1000001111110000000000000000001111111111110000000011111111100001
1000011111110000000000011000001111111111000000000000111111100001
1000011111111000000011111110000111111111000000000000011111100000
1000011111111100001111111111000111111110000000000000001111110000
1000011111111100011111111111000111111110000000000000001111110000
1000011111111110111111111111000111111100000000011111000111110000
1000011111111111111111111110001111111100000000111111100011110000
0000111111111111111111110000001111111100000001111111110011110000
0000111111111111111110000000011111111000000011111111110011110000
0000111111111111111110000000111111111000000011111111110001110000
1000011111111111111110000000111111110000000111111111110001110000
1000011111111111111111000000001111100000000111111111110001110000
1000011111111111111111000000000010000000001111111111110001110000
1000011111111111111111011110000000000000001111111111110001110000
1000011101111111111111111111100000000000011111111111110001100000
1000011111111111111111111111100001000000111111111111100001100001
1100001110111111111111111111110001111111111111111111100001100001
1100001111011111111111111111110000111111111111111111000011100001
1100001111001111111111111111110000111011111111111110000011000011
1100000111100111111111111111110000111001111111111100000111000011
1110000111100011111111111111110000111000111111111000000110000011
1110000011110001111111111111100000111100000111000000001110000111
1111000011111000011111111111000001111100000000000000001100000111
1111000001111000000001111100000001111110000000000000011100001111
1111100000111100000000000000000001111111000000000001111000001111
1111110000111110000000000000000011111111100000000011110000011111
1111110000011111000000000000000011111111111100011111100000111111
1111111000001111110000000000000111111111111111111111000000111111
1111111100000111111100000000011111111111111111111110000001111111
1111111100000011111111000001111111111111111111111100000011111111
1111111110000000111111111111111111111111111111111000000111111111
1111111111000000011111111111111111111111111111110000001111111111
1111111111110000000111111111111111111111111111000000011111111111
1111111111111000000011111111111111111111111100000000111111111111
1111111111111100000000011111111111111111110000000011111111111111
1111111111111111000000000011111111111100000000000111111111111111
1111111111111111100000000000000000000000000000011111111111111111
1111111111111111111100000000000000000000000001111111111111111111
1111111111111111111111000000000000000000000111111111111111111111
1111111111111111111111111100000000000001111111111111111111111111
 1
1111111111111111111111111111111111111111111111111111111111111111
1111111111111111111111111111111111111111111111111111111111111111
1111111111111111111111111111100000111111111111111111111111111111
1111111111111111111111111000000111111111111111111111111111111111
1111111111111111111111100111111111111111111111111111111111111111
1111111111111111111110111100000000001111111111111111111111111111
1111111111111111111011100000000000000111111111101111111111111111
1111111111111111101111100000000000000000111111111111111111111111
1111111111111111111111000000000000000000000111110001011111111111
1111111111111111111110000000000000000000000011111000101111111111
1111111110111110000000000000000000000000000001101100000111111111
1111111101100000000000000000001111111100000000110100000011111111
1111111010000000000000000000000000000001100000010010000011111111
1111111100000000000000000000011111110000000000001001100000111111
1111110000000000000000000111111111111111000000000100110000011111
1111100000000000000000011111111111111111100000000000110000001111
1111000000000000000000111111111111111111110000000000011000001111
1110000000000000000011111111111111111111111100000000001100000111
1110000000000000000111111111111110111111111110000000001100000111
1110000000000000001111111111111111000111111110100000000111100111
1100000000000000011111111111111111000011111111110000000111100011
1100000000000000111111111111111111000011111111111000000010100011
1000000000000000111111111111111111100011111111111000000011110011
1000000000000001111111111111111111110011100011111100100011110001
0000000000000001111111111111111111111111000011111100000001010001
0000000000000011111111111111111011111110000111111100000001010001
0000000000000011111111111110001000111100000111111110000001010001
0000000000000111111111111000000100000000001111111110000001010001
0000000000000111111111100000000011000000011111111110000000010001
0000000000000111111100000001100011111111111101111111000000010001
0000000000000111111100000011100011111111100000001111000000010001
0000000000001111111110000111100011111110000000000111011000010001
0000000000001111111111001111000011111110000000000111001000010001
0000000000001111111111011110000111111100000111000011111000010001
0000000000001111111111111100000000011100001111000011111000010001
0000000000001111101111111000000000011000011111000011111000010001
0000000000001111110111111000000100001000011111000111111000010001
0000000000001111111011111000001110000000111111000111110000010001
0000000000000111111101111100011110001000111111001111110000010001
0000000000000111111100111111111110001000111110001111110000000001
0000000000000111111100011111111100001000111110011111110000000011
0000000000000111111110011111111100001100011100111111100000000011
0000000000000011111110011111111000001110011011111111100000000011
1000000000000011111110001111111000011111111111111111000000000011
1000000000000011111110001111100000011111111111111111000000000111
1000000000000011111110000111000000011111111111111110000000000111
1100000000000001111111000000000000111111111111111110100000000111
1100000000000000111111000000000001111111111111111101000000001111
1110000000000000011111100000000011111111111111111011000000001111
1110000000000000001111110000000111111111111111110000000000011111
1111000000000000000011111111111111111111111111011000000000111111
1111100000000000000001111111111111111111111111100000000000111111
1111100000000000000000011111111111111111111110000000000001111111
1111110000000000000000011111111111111111110100000000000011111111
1111111000000000000000001111111111111111100000000000000111111111
1111111100000000000000000111111111111111000000000000011111111111
1111111110000000000000000111111111111110000000000000111111111111
1111111111100000000000000111111111110000000000000001111111111111
1111111111110000000000000111111111110000000000000111111111111111
1111111111111000000000001111111111000000000000011111111111111111
1111111111111100000000011111111100000000000001111111111111111111
1111111111111110000001111111000000000000011111111111111111111111
1111111111111111111111111110000000001111111111111111111111111111
1111111111111111111111111111111111111111111111111111111111111111
 1
1111111111111111111111111111111111111111111111111111111111111111
1111111111111111111111111111111111111111111111111111111111111111
1111111111111111111111111111111111111111111111111111111111111111
1111111111111111111111111111111111111111111111111111111111111111
1111111111111111111111111111111111111111111111111111111111111111
1111111111111111111111111111111111111111111111111111111111111111
1111111111111111111111111111111111111111111111111111111111111111
1111111111111111111111111111111111111111111111111111111111111111
1111111111111111111111111111111111111111111111111111111111111111
1111111111111111111111111111111111111111111111111111111111111111
1111111111111111111111111111111111111111111111111111111111111111
1111111111111111111111111111111111000111111111111111111111111111
1111111111111111111111111111101110000011111111111111111111111111
1111111111111111111111111111101100000011111111111111111111111111
1111111111111111111111111111100110000011101111111111111111111111
1111111111111111111111111111110011000111000111111111111111111111
1111111111111111111111111111110000101100000011111111111111111111
1111111111111111111111110000011000000000000011111111111111111111
1111111111111111111110000000001100000000000111111111111111111111
1111111111111111111100000000000110000000001111111111111111111111
1111111111111111111000000000000011100001111111111111111111111111
1111111111111111111100000000000011111100001111111111111111111111
1111111111111111111110001111100011110000000011111111111111111111
1111111111111111111110111111100011100000000001111111111111111111
1111111111111111111111111111100011100000011000111111111111111111
1111111111111111111111111111000111000000111100111111111111111111
1111111111111111111111100000000111000001111100111111111111111111
1111111111111111111111110000001110000001111110011111111111111111
1111111111111111011111110000011110000011111110011111111111111111
1111111111111111011111110000000000000111111110011111111111111111
1111111111111111011111111000000000001111111110011111111111111111
1111111111111111011111111111000011111111111110011111111111111111
1111111111111111001111111111110001111111111100011111111111111111
1111111111111111001111111111110001101111111100011111111111111111
1111111111111111001111111111110001101111110000011111111111111111
1111111111111111100111111111110000100111100000111111111111111111
1111111111111111100011111111110000100000000000111111111111111111
1111111111111111100001111111100000100000000001111111111111111111
1111111111111111110000011111000001110000000001111111111111111111
1111111111111111111000000000000001111000000011111111111111111111
1111111111111111111100000000000001111100001111111111111111111111
1111111111111111111110000000000011111111111111111111111111111111
1111111111111111111111000000001111111111111111111111111111111111
1111111111111111111111111001111111111111111111111111111111111111
1111111111111111111111111111111111111111111111111111111111111111
1111111111111111111111111111111111111111111111111111111111111111
1111111111111111111111111111111111111111111111111111111111111111
1111111111111111111111111111111111111111111111111111111111111111
1111111111111111111111111110000111111111111111111111111111111111
1111111111111111111111111110110111111111111111111111111111111111
1111111111111111111111111101101101010111111111111111111111111111
1111111111111111111111111101011101010111111111111111111111111111
1111111111111111111111111110111111110111111111111111111111111111
1111111111111111111111111111111111111111111111111111111111111111
1111111111111111111111111111111111111111111111111111111111111111
1111111111111111111111111111111111111111111111111111111111111111
1111111111111111111111111111111111111111111111111111111111111111
1111111111111111111111111111111111111111111111111111111111111111
1111111111111111111111111111111111111111111111111111111111111111
1111111111111111111111111111111111111111111111111111111111111111
1111111111111111111111111111111111111111111111111111111111111111
1111111111111111111111111111111111111111111111111111111111111111
1111111111111111111111111111111111111111111111111111111111111111
1111111111111111111111111111111111111111111111111111111111111111
 1
1111111111111111111111111111111111111111111111111111111111111111
1111111111111111111111111111111111111111111111111111111111111111
1111111111111111111111111111111111111111111111111111111111111111
1111111111111111111111111111111111111111111111111111111111111111
1111111111111111111111111111111111111111111111111111111111111111
1111111111111111111111111111111111111111111111111111111111111111
1111111111111111111111111111111111011111101111111111111111111111
1111111111111111111111111111111111001111001111111111111111111111
1111111111111111111111111111111111001111001111111111111111111111
1111111111111111111111111111111111001111101111111111111111111111
1111111111111111111111111111111111001111111111111111111111111111
1111111111111111111111111111111111000111111101111111111111111111
1111111111111111111111111111111111000111111101111111111111111111
1111111111111111111111111111111111100111111011111111111111111111
1111111111111111111111111111111111110011110011111111111111111111
1111111111111111111111111111111111110000000111111111111111111111
1111111111111111111111111111111111111100001111111111111111111111
1111111111111111111111111111111000111111111111111111111111111111
1111111111111111111111111111110000011111111111111111111111111111
1111111111111111111111111111100000011111111111111111111111111111
1111111111111111111111111111100000001111111111111111111111111111
1111111111111111111111111111100011001111111111111111111111111111
1111111111111111111111111111000111001111111111111111111111111111
1111111111111111111111111111000111101111111000000111111111111111
1111111111111111111111111111001111101111110000000011111111111111
1111111111111111111111111111001111101111100000000001111111111111
1111111111111111111111111111001111101111000000000001111111111111
1111111111111111111111111111000111001110000111100000111111111111
1111111111111111111111111111000111001110001111110000111111111111
1111111111111111111111111111000111011100111111111000111111111111
1111111111111111111111111111000110000100111111111000111111111111
1111111111111111111111111111000110000001111111111100011111111111
1111111111111111011111111111000110000011111111111100011111111111
1111111111111100000111111111000110000011111111111110011111111111
1111111111111000000001111111101101110001111111111110011111111111
1111111111111000000000111111111101111001111111111110011111111111
1111111111110000000000111111111111111001111111111110011111111111
1111111111110000000000011111111111111001111111111110011111111111
1111111111100011111000011111111111111001111111111110001111111111
1111111111100111111100001111111111111001111111111110011111111111
1111111111100111111110001111111111111001111111111110011111111111
1111111111101111111111000111111111111001111101111110011111111111
1111111111001111111111100111111111111001111100111110011111111111
1111111111001111111111100011111111111001111100111110011111111111
1111111111011111111111110011111111111001111100111110011111111111
1111111111011111111111111011111111111001111101111110011111111111
1111111111011111111111111001111111111001111100111110011111111111
1111111111011111111111111101111111111001111110111100111111111111
1111111111000111111111111100111111110011111110111100111111111111
1111111111101111111111111110011111110011111110011001111111111111
1111111111111111111111111110001111100011111111000011111111111111
1111111111111111111111111111000111000111111111100111111111111111
1111111111111111111111111111100000001111111111111111111111111111
1111111111111111111111111111110000011111111111111111111111111111
1111111111111111111111111111111111111111111111111111111111111111
1111111111111111111111111111111111111111111111111111111111111111
1111111111111111111111111111111111111111111111111111111111111111
1111111111111111111111111111111111111111111111111111111111111111
1111111111111111111111111111111111111111111111111111111111111111
1111111111111111111111111111111111111111111111111111111111111111
1111111111111111111111111111111111111111111111111111111111111111
1111111111111111111111111111111111111111111111111111111111111111
1111111111111111111111111111111111111111111111111111111111111111
1111111111111111111111111111111111111111111111111111111111111111
 1
1111111111111111111111111111111111111111111111111111111111111111
1111111111111111111111111111111111111111111111111111111111111111
1111111111111111111111111111111111111111111111111111111111111111
1111111111111111111111111111111111111111111111111111111111111111
1111111111111111111111111111111111111111111111111111111111111111
1111111111111111111111111111111111111111111111111111111111111111
1111111111111111111111111111111111111111111111111111111111111111
1111111111111111111111111111111111111111111111111111111111111111
1111111111111111111111111111111111111111111111111111111111111111
1111111111111111111111111111111111111111111111111111111111111111
1111111111111111111111111111111111111111111111111111111111111111
1111111111111111111111111111111111111111111111111111111111111111
1111111111111111111111111111111111111111111111111111111111111111
1111111111111111111111011111111111111111111111111111111111111111
1111111111111111111111111111111111111111111111111111111111111111
1111111111111111111111111100111111111111111111111111111111111111
1111111111111111111111111111011111111111111111111111111111111111
1111111111111111111111111111111111111111111111111111111111111111
1111111111111111101111111111101111111111111111111111111111111111
1111111111111111111111111111001111111111111111111111111111111111
1111111111111111110111011111001111111111111111111111111111111111
1111111111111111111111011111111111111111111111111111111111111111
1111111111111111111100111111110111111111111111111111111111111111
1111111111111101111111111111101111111111111111111111111111111111
1111111111111111111111111111100111111111111111111111111111111111
1111111111111110111111111111111111111111111111111111111111111111
1111111111111111111111111111111111111111111111111111111111111111
1111111111111111111111111111110011111111111111111111111111111111
1111111111111111111111111111111111111111111111111111111111111111
1111111111111111111111111111111101111111111111111111111111111111
1111111111111111111111111111111111101111111111111111111111111111
1111111111111111111111111111111110111111111111111111111111111111
1111111111111111111111111111111111111111111111111111111111111111
1111111111111111111111111111111111111111111111111111111111111111
1111111111111111111111111111111111111111111111111111111111111111
1111111111111111111111111111111101111111111111111111111111111111
1111111111111111111111111111111111111111111111111111111111111111
1111111111111111011111111111111111111111111111111111111111111111
1111111111111111111111111111111111111111111111111111111111111111
1111111111111111111111111111111111111111111111111111111111111111
1111111111111111111111111111111011111111111111111111111111111111
1111111111111111111111111111111011111111111111111111111111111111
1111111111111111111111111111111101111111111111111111111111111111
1111111111111111111111111111111111111111111111111111111111111111
1111111111111111111111111111111111110111111111111111111111111111
1111111111111111111111111111111111110111111111111111111111111111
1111111111111111111111111111110111111111111111111111111111111111
1111111111111111111111111111111111111111111111111111111111111111
1111111111111111111111111111111111111111111111111111111111111111
1111111111111111111111111111111111111111111111111111111111111111
1111111111111111111111111111111111111111111111111111111111111111
1111111111111111111111111111111111111111111111111111111111111111
1111111111111111111111111111111111111111111111111111111111111111
1111111111111111111111111111111111111111111111111111111111111111
1111111111111111111111111111111111111111111111111111111111111111
1111111111111111111111111111111111111111111111111111111111111111
1111111111111111110111111111111111111111111111111111111111111111
1111111111111111111111111111111111111111111111111111111111111111
1111111111111111111111111111111111111111111111111111111111111111
1111111111111111111111111111111111111111111111111111111111111111
1111111111111111111111111111111111111111111111111111111111111111
1111111111111111111111111111111111111111111111111111111111111111
1111111111111111111111111111111111111111111111111111111111111111
1111111111111111111111111111111111111111111111111111111111111111
 1
1111111111111111111111111111111111111111111111111111111111111111
1111111111111111111111111111111111111111111111111111111111111111
1111111111111111111111111111111111111111111111111111111111111111
1111111111111111111111111111111111111111111111111111111111111111
1111111111111111111111111111111111111111111111111111111111111111
1111111111111111111111111111111111111111111111111111111111111111
1111111111111111111111111111111111111111111111111111111111111111
1111111111111111111111111111111111111111111111111111111111111111
1111111111111111111111111111111111111111111111111111111111111111
1111111111111111111111111111111111111111111111111111111111111111
1111111111111111111111111111111100001111111111111111111111111111
1111111111111111111111111111110000000011111111111111111111111111
1111111111111111111111111111101111000011111111111111111111111111
1111111111111111111111111111001111100001111111111111111111111111
1111111111111111111111111110001111110001111111111111111111111111
1111111111111111111111111110000111110001111111111111111111111111
1111111111111111111111111110000111111011111111111111111111111111
1111111111111111111111111110001111111011111111111111111111111111
1111111111111111111111111111011111110111111111111111111111111111
1111111111111111111111111111111111111111111111111111111111111111
1111111111111111111111111111111110111111111111111111111111111111
1111111111111111111111111111111011111111111111111111111111111111
1111111111111111111111111111100111111111111111111000111111111111
1111111111111111111111111100111111111111111001110000111111111111
1111111111111111111111110011111111111110110000111000111111111111
1111111111111111111111101111111111111100110000111001111111111111
1111111111111111111110111111111111111100110001111001111111111111
1111111111111111111111111111111111111000011011111011111111111111
1111111111111111110111111111111111011100011111110111111111111111
1111111111111111101111111111111100000100001111111111111111111111
1111111111111111011111111111110000000110000000011111111111111111
1111111111111111011111111111101111100110000001111111111111111111
1111111111111110111111111111001111101111111111111111111111111111
1111111111111100111111111111011111111111111111111111111111111111
1111111111111101111111111110011111111111110000111111111111111111
1111111111111101111111111110011101111111100000001111111111111111
1111111111111001111111111110111001111110011000000111111111111111
1111111111111001111111111110110001111101111110000111111111111111
1111111111111001111111111111110000111011111111000011111111111111
1111111111111001111111111111110000111011111111100011111111111111
1111111111111000111111111111111000010111111111100011111111111111
1111111111111010111111111111111100000111111111100011111111111111
1111111111111010111111111111111100000111110111100011111111111111
1111111111111111011111111111111110000111101111100111111111111111
1111111111111111111111111111111111000011000111101111111111111111
1111111111111111111111111111111111100010000011011111111111111111
1111111111111111111111111111111111100011000000111111111111111111
1111111111111111111011111111111111100011100001111111111111111111
1111111111111111111000111111111111100011111111111111111111111111
1111111111111111111000011111111111110011111111111111111111111111
1111111111111111111100001111111111100111111111111111111111111111
1111111111111111111100000011111111101111111111111111111111111111
1111111111111111111110000000001110011111111111111111111111111111
1111111111111111111111100000000001111111111111111111111111111111
1111111111111111111111111100000111111111111111111111111111111111
1111111111111111111111111111111111111111111111111111111111111111
1111111111111111111111111111111111111111111111111111111111111111
1111111111111111111111111111111111111111111111111111111111111111
1111111111111111111111111111111111111111111111111111111111111111
1111111111111111111111111111111111111111111111111111111111111111
1111111111111111111111111111111111111111111111111111111111111111
1111111111111111111111111111111111111111111111111111111111111111
1111111111111111111111111111111111111111111111111111111111111111
1111111111111111111111111111111111111111111111111111111111111111
 1
1111111111111111111111111111111111111111111111111111111111111111
1111111111111111111111111111111100111111111111111111111111111111
1111111111111111111111111111111000011111111111111111111111111111
1111111111111111111111111111110000001111111111111111111111111111
1111111111111111111111111111100000001111111111111111111111111111
1111111111111111111111111111110000011111101111111111111111111111
1111111111111111111111111111111000111111000111111111111111111111
1111111111111111111111111111111100111110000011111111111111111111
1111111111111111111111111011111111111100000001111111111111111111
1111111111111111111111111000011111110000000000111111111111111111
1111111111111111111111111100000000000000000000011111111111111111
1111111111110000000000011110000000000000000000111111111111111111
1111111111000000000000000111000000000000000011111111111111111111
1111111110000000000000000001110000000000000111110000001111111111
1111111100000000000000000000111000000000011110000000000011111111
1111111000000000000000000000111111000011111100000000000001111111
1111110000000000000000000000011111111111110000000000000000111111
1111100000000000000000000000011111111111100000000000000000111111
1111000000000000111110000000011111111111100000000000000000011111
1110000000000011111111100000011111111111000000000000000000011111
1110000000000111111111100000011111111110000000000000000000001111
1111000000011111111111110000011111111110000000000000000000001111
1111100000111111111111110000011111111110000000000000000000001111
1111100001111111111111110000011111111100000000000000000000000111
1111110001111111111111110000011111111100000000001111110000000111
1111110011111111111111100000111111111000000000011111111000000111
1111111111111111111111100000111111111000000000111111111100000011
1111111111111111111111000001111111110000000001111111111110000011
1111111111111111111100000001111111110000000011111111111111000011
1111111111111111110000000001111111100000000111111111111111000001
1111111111111111000000000000111111000000001111111111111111100001
1111111111111111000000000000011110000000011111111111111111100001
1111111111111111000000000000000000000000111111111111111111110001
1111111111111111100000000000000000000001111111111111111111110000
1111111111111111100000000000000000000011111111111111111111110000
1111111111111111100000000000000000011111111111111111111111110000
1111111111111111110000111100000000011111111111111111111111110000
1111111111111111110111111111000000011111111111111111111111110000
1111111111111111111111111111100000001111111111111111111111110000
1111111111111111111111111111110000001111111111111111111111110000
1111111111111111111111111111110000000111101111111111111111110000
1111111111111111111111111111111000000111100111111111111111100000
1111111111111111111111111111111000000111100001111111111111000000
1111111111111111111111111111111000000011110000111111111110000000
1111111111111111111111111111111000000011110000000011110000000000
1111111111111111111111111111110000000011110000000000000000000000
1111111111111111111111111111110000000011111000000000000000000001
1111111111111111111111111111110000000011111100000000000000000001
1011111111111111111111111111100000000011111110000000000000000011
1001111111111111111111111111100000000011111111000000000000000011
1000111111111111111111111111000000000011111111100000000000000111
1100011111111111111111111110000000000011111111111000000000011111
1100000111111111111111111100000000000011111111111111000111111111
1110000001111111111111111000000000000111111111111111111111111111
1110000000011111111111100000000000000111111111111111111111111111
1111000000000011111100000000000000000111111111111111111111111111
1111100000000000000000000000000000001111111111111111111111111111
1111110000000000000000000000000000011111111111111111111111111111
1111111000000000000000000000000000011111111111111111111111111111
1111111100000000000000000000000000111111111111111111111111111111
1111111110000000000000000000000001111111111111111111111111111111
1111111111100000000000000000000111111111111111111111111111111111
1111111111111000000000000000001111111111111111111111111111111111
1111111111111111000000000001111111111111111111111111111111111111
 1
1111111111111111111111111111111111111111111111111111111111111111
1111111111111111111111111111111111111111111111111111111111111111
1111111111111111111111111111111111111111111111111111111111111111
1111111111111111111111111111111111111111111111111111111111111111
1111111111111111111111111111111111111111111111111111111111111111
1111111111111111111111111111111111111111111111111111111111111111
1111111111111111111111111111111111111111111111111111111111111111
1111111111111111111111111111111111111111111111111111111111111111
1111111111111111111101111111111111111111111111111111111111111111
1111111111111111111000111111111111111111111111111111111111111111
1111111111111111111000111111111111111111111111111111111111111111
1111111111111111110000011111111111111111111111110111111111111111
1111111111111110111000111111111111111111111111111011111111111111
1111111111111110111000111011111111111111111111111011111111111111
1111111111111111011101110001111111111111111111111101111111111111
1111111111111111011101110001111111111111111111011101111111111111
1111111111111111001111100001111111111111111111011111111110111111
1111111111100011000000000000111111111111111111111111111111111111
1111111110000001100000000001111111111111111111101111111111111111
1111111100000000100000000011111111111111111111101111111111111111
1111111000000000110000000011111111111111111111110111111111111111
1111110000000000011000001111111111111111111111111011110111111111
1111110000000000011100111111111111110111111111111100011111111111
1111110000000000011111111111111111111111111111111111111111111111
1111111000011100011111000001111111111011111101111111111111111111
1111111000111110011111000001111111111011111110111111111111111111
1111111101111110011110000000111111111111111110111111111111111111
1111111111111110011110000000111111111111111111111111111111011111
1111111111111110011100000110011111111111111111111111111110111111
1111111111111110011100001111011111111111111111111111111111011111
1111111111111100111100011111011111111111111111111111111111001111
1111111111111000111000111111001111111111111111111111111111101111
1111111111100000111000111111101111111111111111111111111111111111
1111111111100001111000111111101111111111111111111111111111110111
1111111111100001110001111111101111111111111111111111111111100111
1111111111100000100001111111101111111111111111111111111111110111
1111111111100000000001111111101111111111111111111111111111100111
1111111111100000000001111111101111111111101111111111111111110111
1111111111101000000011111111001111011111100001110011111111100111
1111011111111110001111111111001111011111111110111111111111100111
1111011111111110001111111111001111011111111111111111111111011111
1111011111111111001111111111001111011111111111111101111111011111
1111011111111111001101111111001111001111111111011101111111111111
1111011111111111001101111111001111001111111111011101111111101111
1111001111111111001101111110001111101111111111011101111111111111
1111001111111111001100111110001111111111111111011101111111111111
1111100111111111001100111100001111101111111111111101111111111111
1111100111111110001100000000011111101111111111111111111111111111
1111100011111110001110000000011111101111111111111111111111101111
1111100011111100001110000000011111111111111111111110111111111111
1111110000111000001110000000111111110111111111111110111111111111
1111110000000000001111000000111111110111111111111111011111111111
1111111000000000001111000001111111111011111111111111011111111111
1111111000000000011111110111111111111011111111111111100011111111
1111111100000000011111111111111111111101111111111111111111111111
1111111110000000111111111111111111111110111111111111111111111111
1111111111000001111111111111111111111111011111111111111111111111
1111111111100011111111111111111111111111100001111111111111111111
1111111111111111111111111111111111111111111111111111111111111111
1111111111111111111111111111111111111111111111111111111111111111
1111111111111111111111111111111111111111111111111111111111111111
1111111111111111111111111111111111111111111111111111111111111111
1111111111111111111111111111111111111111111111111111111111111111
1111111111111111111111111111111111111111111111111111111111111111
 1
1111111111111111111111111111110000011111111111111111111111111111
1111111111111111111111110000001111000000111111111111111111111111
1111111111111111111110001111111111111111000111111111111111111111
1111111111111111111000111111111111111111111001111111111111111111
1111111111111111100111111111111111111111111110011111111111111111
1111111111111111001111111111111111111111111111100111111111111111
1111111111111100111111111111111111111111111111111011111111111111
1111111111111001111111111111111111111111111111111101111111111111
1111111111110111111111111111111111111111111111111110011111111111
1111111111101111111111111111111111111111111111111111001111111111
1111111111011111111111111111111000011111111111111111100111111111
1111111110111111111111111111111000011111111111111111110111111111
1111111101111111111111111111111000011111111111111111111011111111
1111111101111111111111111111111000011111111111111111111101111111
1111111011111111111111111011111100011110001111111111111100111111
1111110111111111111111111101111111111100000111111111111110111111
1111110111111111111111111100111111111000000011111111111111011111
1111101111111111111111111110001111110000000111111111111111011111
1111101111111111111111111110000000000000000111111111111111101111
1111011111111111111000011111000000000000001111111111111111101111
1111011111111110000000000111100000000000011111111111111111110111
1110111111111000000000000001111000000001111111111111111111110111
1110111111110000000000000000111111111111111111111111111111110111
1110111111110000000000000000111111111111110000001111111111111011
1111111111111000000111111000011111111111100000000011111111111011
1101111111111100111111111100011111111111000000000001111111111011
1101111111111111111111111110011111111110000111000000111111111011
1101111111111111111111111110001111111110011111100000111111111101
1101111111111111111111111110001111111110111111110000011111111101
1101111111111111111111111110001111111111111111111000011111111101
1101111111111111111111111100001110000011111111111000011111111101
1101111111111111111111111000011000000001111111111000001111111101
1111111111111111111111110000010000000000111111111100001111111101
1111111110111111111111000000000000000000011111111100001111111101
1101111110111111111000000000000111111100011111111100001111111101
1101111110111111111000000000000111111100011111111100001111111101
1101111110111111111000000011100011111100011111111100001111111101
1101111111011111111000000111100001111100011111111100001111111101
1101111111011111111000001111110001111100011111111100001111111011
1101111111011111111110111111110000111100011111111000001111111011
1101111111001111111111111111110000111100011111111000001111111011
1110111111101111111111111111111000011100011111111000001111111011
1110111111100111111111111111111000011100011111110000001111110011
1110111111100111111111111111111000011100011111110000001111110111
1111011111110011111111111111111000001100001111100000011111110111
1111011111110001111111111111110000001100000000000000011111101111
1111101111111001111111111111110000001100000000000000111111101111
1111101111111000111111111111110000001100000000000000111111011111
1111100111111100011111111111100000001100000000000001111111011111
1111110111111110000111111111100000011110000000000011111110111111
1111111011111111000001111111000000011111000000000111111110111111
1111111001111111100000000000000000011111111000111111111101111111
1111111101111111110000000000000000111111111111111111111011111111
1111111110111111111000000000000001111111111111111111110011111111
1111111111011111111110000000000011111111111111111111100111111111
1111111111101111111111110000001111111111111111111111001111111111
1111111111110111111111111111111111111111111111111110011111111111
1111111111111011111111111111111111111111111111111100111111111111
1111111111111100111111111111111111111111111111111001111111111111
1111111111111110011111111111111111111111111111100111111111111111
1111111111111111100111111111111111111111111111001111111111111111
1111111111111111111001111111111111111111111000111111111111111111
1111111111111111111110001111111111111111100011111111111111111111
1111111111111111111111110000111111110000011111111111111111111111
 1
